vt,t2m,d2m,h2m,mslp,t850,mlcape,prec,u10,v10,gust,h0,cld,capep1,altt2m,rdrmax,upthrpct,cldave,precave,precpct,capeave
2018-09-02 19:00:00,21.0,15.3,70.4,1013.8,12.3,580,0.0,-4.5,-2.3,7.7,3327,80.1,580.0,21.0,0.0,0.0,56.0,0.0,0.0,600.0
2018-09-02 20:00:00,20.9,15.5,71.4,1013.9,12.2,780,0.0,-4.7,-2.2,7.7,3304,0.0,580.0,20.9,0.0,0.0,17.4,0.0,0.0,600.0
2018-09-02 21:00:00,20.7,15.9,74.1,1013.4,12.0,600,0.0,-4.2,-1.9,7.1,3316,0.0,780.0,20.7,0.0,0.0,19.7,0.0,0.0,720.0
2018-09-02 22:00:00,20.2,15.9,76.2,1013.2,11.8,530,0.0,-3.3,-1.5,5.9,3363,0.0,600.0,20.2,0.0,0.0,6.5,0.0,0.0,650.0
2018-09-02 23:00:00,20.1,15.6,75.6,1013.1,11.6,640,0.0,-2.5,-1.7,5.5,3349,0.0,530.0,20.1,0.0,0.0,7.9,0.0,0.0,614.0
2018-09-03 00:00:00,20.0,15.8,77.1,1013.1,11.2,680,0.0,-3.6,-2.3,6.6,3253,0.0,640.0,20.0,0.0,0.0,18.0,0.0,0.0,665.5
2018-09-03 01:00:00,20.2,15.5,74.9,1013.0,11.4,650,0.0,-4.1,-2.3,7.2,3195,0.0,680.0,20.2,0.0,0.0,20.8,0.0,0.0,676.5
2018-09-03 02:00:00,20.1,15.4,74.8,1012.3,11.4,590,0.0,-4.3,-2.0,7.2,3215,0.0,650.0,20.1,16.4,0.0,21.0,0.0,0.0,651.5
2018-09-03 03:00:00,19.6,15.5,77.4,1012.0,11.0,580,0.0,-2.9,-1.2,5.2,3268,0.0,590.0,19.6,7.2,0.0,14.3,0.0,2.5,590.0
2018-09-03 04:00:00,19.0,14.6,75.9,1011.9,10.7,540,0.0,-2.1,-1.1,4.7,3262,11.0,580.0,19.0,7.2,0.0,10.2,0.0,0.0,591.0
2018-09-03 05:00:00,18.1,13.6,75.2,1012.5,10.6,330,0.0,-1.2,-0.3,1.2,3276,27.0,540.0,18.1,7.2,0.0,34.5,0.0,0.0,558.5
2018-09-03 06:00:00,20.3,14.3,68.2,1012.3,11.0,50,0.0,-0.7,-0.8,2.1,3293,0.0,330.0,20.3,0.0,0.0,19.0,0.0,0.0,357.5
2018-09-03 07:00:00,21.3,14.6,65.4,1011.9,11.5,50,0.0,1.2,0.5,1.4,3185,74.6,50.0,21.3,0.0,0.0,72.9,0.0,0.0,97.0
2018-09-03 08:00:00,21.7,14.6,64.3,1012.5,10.7,90,0.0,0.3,0.9,0.9,3267,80.1,50.0,21.7,0.0,0.0,82.6,0.0,0.0,77.5
2018-09-03 09:00:00,22.5,14.7,61.0,1012.9,10.7,80,0.0,0.6,1.4,1.4,3307,80.1,90.0,22.5,29.5,0.0,76.4,0.0,0.0,149.0
2018-09-03 10:00:00,23.0,14.8,59.5,1012.7,10.4,110,0.0,1.3,1.2,1.2,3289,40.6,80.0,23.0,35.9,0.0,46.6,0.0,3.8,130.0
2018-09-03 11:00:00,23.5,14.6,57.0,1011.7,10.5,170,0.0,0.8,1.5,1.1,3334,0.0,110.0,23.5,35.9,0.0,41.4,0.0,8.9,173.5
2018-09-03 12:00:00,24.4,14.6,54.3,1011.8,10.7,230,0.0,1.3,1.7,1.7,3276,55.7,170.0,24.4,42.5,0.0,68.7,0.0,5.1,230.0
2018-09-03 13:00:00,24.0,15.3,58.3,1012.0,10.4,530,0.0,1.9,1.1,2.2,3325,28.1,230.0,24.0,44.2,0.5,58.7,0.1,12.7,372.0
2018-09-03 14:00:00,23.6,15.3,59.6,1011.6,10.7,430,0.0,0.8,1.1,1.5,3319,63.6,530.0,23.6,44.2,1.0,26.9,0.0,10.1,528.0
2018-09-03 15:00:00,23.4,16.0,63.2,1011.2,10.5,620,0.0,0.8,1.3,1.8,3291,0.0,430.0,23.4,25.7,0.0,9.2,0.0,2.5,562.0
2018-09-03 16:00:00,23.0,16.8,68.1,1011.4,10.6,830,0.0,0.3,1.1,1.4,3297,0.0,620.0,23.0,25.7,0.5,10.2,0.0,7.6,709.0
2018-09-03 17:00:00,22.1,17.5,75.2,1011.8,10.4,980,0.0,0.1,0.7,1.2,3290,33.0,830.0,22.1,22.3,0.0,18.9,0.1,12.7,818.5
2018-09-03 18:00:00,20.9,17.4,80.8,1011.7,10.8,1080,0.0,-0.9,0.0,1.9,3249,22.0,980.0,20.9,22.3,0.0,41.9,0.0,0.0,930.5
2018-09-03 19:00:00,19.4,16.8,85.0,1011.3,11.1,1070,0.0,-0.8,-0.2,2.0,3235,39.0,1080.0,19.4,0.0,0.0,45.4,0.0,0.0,1093.0
2018-09-03 20:00:00,20.1,17.3,83.9,1011.9,10.9,1280,0.0,-0.9,-0.4,2.0,3248,82.3,1070.0,20.1,0.0,0.0,77.1,0.0,0.0,1110.0
2018-09-03 21:00:00,19.6,17.0,85.4,1012.3,10.8,1100,0.0,-0.4,-0.8,2.0,3202,84.7,1280.0,19.6,0.0,0.0,81.3,0.0,0.0,1176.5
2018-09-03 22:00:00,19.9,16.5,80.8,1012.0,10.6,1030,0.0,-0.8,-1.1,2.3,3152,48.4,1100.0,19.9,0.0,0.0,53.3,0.0,0.0,1042.0
2018-09-03 23:00:00,18.7,16.5,87.3,1011.5,10.4,870,0.0,-0.7,-0.8,2.3,3183,11.0,1030.0,18.7,13.8,0.0,15.0,0.0,0.0,993.0
2018-09-04 00:00:00,18.2,15.9,86.5,1011.3,9.9,520,0.0,-1.0,-0.3,2.4,3155,0.0,870.0,18.2,46.6,4.8,48.3,0.0,6.3,859.5
2018-09-04 01:00:00,17.3,16.9,98.1,1012.5,9.6,550,0.24,1.3,2.4,3.7,3132,100.0,520.0,17.3,46.6,3.8,71.5,1.4,72.2,613.0
2018-09-04 02:00:00,17.2,16.0,93.0,1012.5,9.4,210,0.79,-0.2,0.2,3.1,3152,92.5,550.0,17.2,46.0,1.9,81.2,2.3,100.0,565.0
2018-09-04 03:00:00,17.2,15.6,90.8,1011.9,9.6,130,0.8,0.0,-0.5,0.6,3163,93.9,210.0,17.2,42.9,0.0,79.3,0.6,94.9,260.0
2018-09-04 04:00:00,17.0,15.1,88.9,1011.6,9.8,40,0.81,-0.6,-0.2,1.4,3125,85.4,130.0,17.0,42.9,0.0,55.3,0.2,55.7,170.0
2018-09-04 05:00:00,16.9,14.8,88.1,1012.4,9.4,350,0.81,-0.6,-0.6,2.0,3158,22.0,40.0,16.9,42.9,0.0,45.8,0.0,22.8,116.0
2018-09-04 06:00:00,18.2,15.1,82.6,1012.1,9.6,320,0.81,-0.6,-0.2,1.0,3131,11.0,350.0,18.2,4.5,0.0,32.8,0.0,16.5,330.0
2018-09-04 07:00:00,18.6,15.3,81.4,1011.6,9.7,340,0.81,0.2,0.9,0.7,3172,0.0,320.0,18.6,4.5,0.0,22.7,0.0,0.0,316.5
2018-09-04 08:00:00,19.4,15.5,78.6,1011.9,9.7,370,0.81,0.6,1.2,1.0,3139,11.0,340.0,19.4,3.1,0.0,37.3,0.0,0.0,325.0
2018-09-04 09:00:00,20.5,15.8,74.7,1012.2,9.7,390,0.81,0.4,2.0,2.1,3168,25.0,370.0,20.5,40.7,0.0,55.4,0.0,12.7,361.5
2018-09-04 10:00:00,20.8,16.3,75.8,1011.9,9.4,460,0.81,-0.1,1.9,2.6,3213,66.4,390.0,20.8,47.3,1.4,60.7,0.9,49.4,408.5
2018-09-04 11:00:00,20.5,16.7,79.2,1011.5,10.0,500,0.86,2.3,0.8,3.5,3217,89.0,460.0,20.5,48.0,4.3,61.9,1.8,77.2,431.0
2018-09-04 12:00:00,20.3,17.2,82.4,1011.9,9.9,600,1.29,0.9,0.8,1.9,3304,33.0,500.0,20.3,48.0,0.0,39.5,0.6,67.1,513.0
2018-09-04 13:00:00,20.7,17.0,79.6,1012.0,10.1,410,1.29,1.2,1.5,2.1,3356,22.0,600.0,20.7,43.9,0.0,35.9,0.1,39.2,565.0
2018-09-04 14:00:00,20.9,16.5,76.0,1011.5,10.4,260,1.29,0.3,1.3,1.7,3344,48.8,410.0,20.9,40.9,0.0,60.7,0.1,34.2,407.5
2018-09-04 15:00:00,21.0,16.2,74.1,1011.0,10.5,140,1.29,0.3,0.0,1.3,3439,11.0,260.0,21.0,40.9,0.0,20.7,0.2,35.4,261.5
2018-09-04 16:00:00,20.9,16.2,74.7,1011.4,11.5,160,1.29,0.5,0.1,0.7,3457,7.9,140.0,20.9,40.9,0.0,28.0,0.0,2.5,197.0
2018-09-04 17:00:00,20.2,16.5,79.8,1012.0,12.2,160,1.29,0.1,0.4,0.7,3412,71.4,160.0,20.2,10.9,0.0,71.6,0.0,0.0,157.5
2018-09-04 18:00:00,19.3,16.0,81.9,1012.1,12.3,220,1.29,-0.6,-0.2,1.3,3336,96.9,160.0,19.3,18.4,0.0,87.6,0.0,15.2,156.5
2018-09-04 19:00:00,18.4,15.0,81.1,1012.0,13.2,220,1.29,-0.1,-0.2,0.6,3355,69.7,220.0,18.4,18.4,0.0,75.8,0.0,13.9,156.0
2018-09-04 20:00:00,18.0,15.1,83.3,1012.4,12.8,70,1.29,-0.5,-0.5,1.6,3412,100.0,220.0,18.0,17.9,0.0,46.9,0.0,3.8,131.0
2018-09-04 21:00:00,17.7,14.4,81.3,1013.3,12.5,50,1.29,0.0,-0.7,1.6,3467,22.0,70.0,17.7,17.9,0.0,20.9,0.0,3.8,42.5
2018-09-04 22:00:00,17.1,13.7,80.3,1013.4,12.5,10,1.29,-0.1,-0.9,2.2,3482,0.0,50.0,17.1,0.0,0.0,5.8,0.0,0.0,31.0
2018-09-04 23:00:00,16.8,13.5,80.8,1012.8,12.4,30,1.29,-0.3,-0.8,2.0,3503,0.0,10.0,16.8,0.0,0.0,0.0,0.0,0.0,32.5
2018-09-05 00:00:00,16.5,13.8,83.9,1012.9,12.3,30,1.29,-0.6,-0.5,1.8,3571,0.0,30.0,16.5,0.0,0.0,1.9,0.0,0.0,30.0
2018-09-05 01:00:00,16.3,14.0,86.7,1013.4,12.2,100,1.29,-0.6,-0.2,0.2,3638,0.0,30.0,16.3,0.0,0.0,0.9,0.0,0.0,28.0
2018-09-05 02:00:00,16.0,13.8,86.7,1013.5,12.2,120,1.29,-0.4,-0.2,0.5,3674,0.0,100.0,16.0,0.0,0.0,0.0,0.0,0.0,86.0
2018-09-05 03:00:00,15.9,13.5,85.7,1013.1,12.2,90,1.29,-0.3,0.1,0.7,3673,0.0,120.0,15.9,0.0,0.0,0.7,0.0,0.0,120.0
2018-09-05 04:00:00,15.7,12.9,83.8,1013.4,12.2,0,1.29,-0.2,0.1,0.4,3692,0.0,90.0,15.7,0.0,0.0,2.5,0.0,0.0,88.5
2018-09-05 05:00:00,16.4,12.8,79.3,1014.0,12.4,0,1.29,-0.6,-0.2,0.3,3678,0.0,0.0,16.4,0.0,0.0,0.0,0.0,0.0,2.0
2018-09-05 06:00:00,20.1,15.2,73.7,1014.1,12.4,0,1.29,-0.6,0.0,1.3,3636,0.0,0.0,20.1,0.0,0.0,0.0,0.0,0.0,0.0
2018-09-05 07:00:00,21.1,15.4,70.1,1013.7,12.3,0,1.29,0.8,0.1,0.8,3653,0.0,0.0,21.1,0.0,0.0,0.0,0.0,0.0,0.0
2018-09-05 08:00:00,22.8,15.3,62.9,1013.9,12.5,10,1.29,1.3,-0.3,1.8,3657,0.0,0.0,22.8,0.0,0.0,0.0,0.0,0.0,9.0
2018-09-05 09:00:00,24.4,14.9,55.5,1014.2,12.4,100,1.29,1.4,0.2,1.7,3729,0.0,10.0,24.4,0.0,0.0,0.0,0.0,0.0,68.5
2018-09-05 10:00:00,25.4,15.1,52.9,1013.8,12.3,160,1.29,1.8,0.5,2.2,3817,0.0,100.0,25.4,0.0,0.0,1.9,0.0,0.0,139.0
2018-09-05 11:00:00,26.1,14.4,48.3,1013.2,12.3,90,1.29,1.8,0.6,2.2,3911,44.0,160.0,26.1,0.0,0.0,7.3,0.0,0.0,183.0
2018-09-05 12:00:00,26.5,13.6,44.7,1013.4,12.6,50,1.29,1.4,0.8,2.1,3939,0.0,90.0,26.5,0.0,0.0,8.6,0.0,0.0,146.5
2018-09-05 13:00:00,26.9,14.2,45.4,1013.5,12.9,110,1.29,1.3,1.2,1.7,3997,0.0,50.0,26.9,0.0,0.0,5.5,0.0,0.0,122.5
2018-09-05 14:00:00,26.7,14.6,46.9,1012.9,13.2,160,1.29,1.4,0.9,1.6,4002,0.0,110.0,26.7,0.0,0.0,5.5,0.0,0.0,142.5
2018-09-05 15:00:00,26.3,15.3,50.8,1012.5,13.4,300,1.29,1.2,0.6,1.4,4013,0.0,160.0,26.3,0.0,0.0,4.9,0.0,0.0,213.5
2018-09-05 16:00:00,25.8,15.8,53.8,1012.7,13.3,340,1.29,0.5,0.5,0.6,4041,0.0,300.0,25.8,0.0,0.0,0.3,0.0,0.0,311.0
2018-09-05 17:00:00,23.6,16.3,63.7,1013.4,13.1,310,1.29,-0.1,0.1,0.3,4037,0.0,340.0,23.6,0.0,0.0,0.2,0.0,0.0,404.5
2018-09-05 18:00:00,22.8,15.3,62.6,1013.3,12.9,380,1.29,-1.3,-1.5,4.1,4004,0.0,310.0,22.8,0.0,0.0,0.5,0.0,0.0,467.0
