vt,t2m,d2m,h2m,mslp,t850,mlcape,prec,u10,v10,gust,h0,cld,capep1,altt2m,cldave,precave,precpct,capeave
2018-09-03 01:00:00,20.2,15.5,74.9,1013,11.4,650,0,-4.1,-2.3,7.2,3195,0,680,20.2,20.8,0,0,676.5
2018-09-03 02:00:00,20.1,15.4,74.8,1012.3,11.4,590,0,-4.3,-2,7.2,3215,0,650,20.1,21,0,0,651.5
2018-09-03 03:00:00,19.6,15.5,77.4,1012,11,580,0,-2.9,-1.2,5.2,3268,0,590,19.6,14.3,0,2.5,590
2018-09-03 04:00:00,19,14.6,75.9,1011.9,10.7,540,0,-2.1,-1.1,4.7,3262,11,580,19,10.2,0,0,591
2018-09-03 05:00:00,18.1,13.6,75.2,1012.5,10.6,330,0,-1.2,-0.3,1.2,3276,27,540,18.1,34.5,0,0,558.5
2018-09-03 06:00:00,20.3,14.3,68.2,1012.3,11,50,0,-0.7,-0.8,2.1,3293,0,330,20.3,19,0,0,357.5
2018-09-03 07:00:00,21.3,14.6,65.4,1011.9,11.5,50,0,1.2,0.5,1.4,3185,74.6,50,21.3,72.9,0,0,97
2018-09-03 08:00:00,21.7,14.6,64.3,1012.5,10.7,90,0,0.3,0.9,0.9,3267,80.1,50,21.7,82.6,0,0,77.5
2018-09-03 09:00:00,22.5,14.7,61,1012.9,10.7,80,0,0.6,1.4,1.4,3307,80.1,90,22.5,76.4,0,0,149
2018-09-03 10:00:00,23,14.8,59.5,1012.7,10.4,110,0,1.3,1.2,1.2,3289,40.6,80,23,46.6,0,3.8,130
2018-09-03 11:00:00,23.5,14.6,57,1011.7,10.5,170,0,0.8,1.5,1.1,3334,0,110,23.5,41.4,0,8.9,173.5
2018-09-03 12:00:00,24.4,14.6,54.3,1011.8,10.7,230,0,1.3,1.7,1.7,3276,55.7,170,24.4,68.7,0,5.1,230
2018-09-03 13:00:00,24,15.3,58.3,1012,10.4,530,0,1.9,1.1,2.2,3325,28.1,230,24,58.7,0.1,12.7,372
2018-09-03 14:00:00,23.6,15.3,59.6,1011.6,10.7,430,0,0.8,1.1,1.5,3319,63.6,530,23.6,26.9,0,10.1,528
2018-09-03 15:00:00,23.4,16,63.2,1011.2,10.5,620,0,0.8,1.3,1.8,3291,0,430,23.4,9.2,0,2.5,562
2018-09-03 16:00:00,23,16.8,68.1,1011.4,10.6,830,0,0.3,1.1,1.4,3297,0,620,23,10.2,0,7.6,709
2018-09-03 17:00:00,22.1,17.5,75.2,1011.8,10.4,980,0,0.1,0.7,1.2,3290,33,830,22.1,18.9,0.1,12.7,818.5
2018-09-03 18:00:00,20.9,17.4,80.8,1011.7,10.8,1080,0,-0.9,0,1.9,3249,22,980,20.9,41.9,0,0,930.5
2018-09-03 19:00:00,19.4,16.8,85,1011.3,11.1,1070,0,-0.8,-0.2,2,3235,39,1080,19.4,45.4,0,0,1093
2018-09-03 20:00:00,20.1,17.3,83.9,1011.9,10.9,1280,0,-0.9,-0.4,2,3248,82.3,1070,20.1,77.1,0,0,1110
2018-09-03 21:00:00,19.6,17,85.4,1012.3,10.8,1100,0,-0.4,-0.8,2,3202,84.7,1280,19.6,81.3,0,0,1176.5
2018-09-03 22:00:00,19.9,16.5,80.8,1012,10.6,1030,0,-0.8,-1.1,2.3,3152,48.4,1100,19.9,53.3,0,0,1042
2018-09-03 23:00:00,18.7,16.5,87.3,1011.5,10.4,870,0,-0.7,-0.8,2.3,3183,11,1030,18.7,15,0,0,993
2018-09-04 00:00:00,18.2,15.9,86.5,1011.3,9.9,520,0,-1,-0.3,2.4,3155,0,870,18.2,48.3,0,6.3,859.5
2018-09-04 01:00:00,17.3,16.9,98.1,1012.5,9.6,550,0.24,1.3,2.4,3.7,3132,100,520,17.3,71.5,1.4,72.2,613
2018-09-04 02:00:00,17.2,16,93,1012.5,9.4,210,0.79,-0.2,0.2,3.1,3152,92.5,550,17.2,81.2,2.3,100,565
2018-09-04 03:00:00,17.2,15.6,90.8,1011.9,9.6,130,0.8,0,-0.5,0.6,3163,93.9,210,17.2,79.3,0.6,94.9,260
2018-09-04 04:00:00,17,15.1,88.9,1011.6,9.8,40,0.81,-0.6,-0.2,1.4,3125,85.4,130,17,55.3,0.2,55.7,170
2018-09-04 05:00:00,16.9,14.8,88.1,1012.4,9.4,350,0.81,-0.6,-0.6,2,3158,22,40,16.9,45.8,0,22.8,116
2018-09-04 06:00:00,18.2,15.1,82.6,1012.1,9.6,320,0.81,-0.6,-0.2,1,3131,11,350,18.2,32.8,0,16.5,330
2018-09-04 07:00:00,18.6,15.3,81.4,1011.6,9.7,340,0.81,0.2,0.9,0.7,3172,0,320,18.6,22.7,0,0,316.5
2018-09-04 08:00:00,19.4,15.5,78.6,1011.9,9.7,370,0.81,0.6,1.2,1,3139,11,340,19.4,37.3,0,0,325
2018-09-04 09:00:00,20.5,15.8,74.7,1012.2,9.7,390,0.81,0.4,2,2.1,3168,25,370,20.5,55.4,0,12.7,361.5
2018-09-04 10:00:00,20.8,16.3,75.8,1011.9,9.4,460,0.81,-0.1,1.9,2.6,3213,66.4,390,20.8,60.7,0.9,49.4,408.5
2018-09-04 11:00:00,20.5,16.7,79.2,1011.5,10,500,0.86,2.3,0.8,3.5,3217,89,460,20.5,61.9,1.8,77.2,431
2018-09-04 12:00:00,20.3,17.2,82.4,1011.9,9.9,600,1.29,0.9,0.8,1.9,3304,33,500,20.3,39.5,0.6,67.1,513
2018-09-04 13:00:00,20.7,17,79.6,1012,10.1,410,1.29,1.2,1.5,2.1,3356,22,600,20.7,35.9,0.1,39.2,565
2018-09-04 14:00:00,20.9,16.5,76,1011.5,10.4,260,1.29,0.3,1.3,1.7,3344,48.8,410,20.9,60.7,0.1,34.2,407.5
2018-09-04 15:00:00,21,16.2,74.1,1011,10.5,140,1.29,0.3,0,1.3,3439,11,260,21,20.7,0.2,35.4,261.5
2018-09-04 16:00:00,20.9,16.2,74.7,1011.4,11.5,160,1.29,0.5,0.1,0.7,3457,7.9,140,20.9,28,0,2.5,197
2018-09-04 17:00:00,20.2,16.5,79.8,1012,12.2,160,1.29,0.1,0.4,0.7,3412,71.4,160,20.2,71.6,0,0,157.5
2018-09-04 18:00:00,19.3,16,81.9,1012.1,12.3,220,1.29,-0.6,-0.2,1.3,3336,96.9,160,19.3,87.6,0,15.2,156.5
2018-09-04 19:00:00,18.4,15,81.1,1012,13.2,220,1.29,-0.1,-0.2,0.6,3355,69.7,220,18.4,75.8,0,13.9,156
2018-09-04 20:00:00,18,15.1,83.3,1012.4,12.8,70,1.29,-0.5,-0.5,1.6,3412,100,220,18,46.9,0,3.8,131
2018-09-04 21:00:00,17.7,14.4,81.3,1013.3,12.5,50,1.29,0,-0.7,1.6,3467,22,70,17.7,20.9,0,3.8,42.5
2018-09-04 22:00:00,17.1,13.7,80.3,1013.4,12.5,10,1.29,-0.1,-0.9,2.2,3482,0,50,17.1,5.8,0,0,31
2018-09-04 23:00:00,16.8,13.5,80.8,1012.8,12.4,30,1.29,-0.3,-0.8,2,3503,0,10,16.8,0,0,0,32.5
2018-09-05 00:00:00,16.5,13.8,83.9,1012.9,12.3,30,1.29,-0.6,-0.5,1.8,3571,0,30,16.5,1.9,0,0,30
2018-09-05 01:00:00,16.3,14,86.7,1013.4,12.2,100,1.29,-0.6,-0.2,0.2,3638,0,30,16.3,0.9,0,0,28
2018-09-05 02:00:00,16,13.8,86.7,1013.5,12.2,120,1.29,-0.4,-0.2,0.5,3674,0,100,16,0,0,0,86
2018-09-05 03:00:00,15.9,13.5,85.7,1013.1,12.2,90,1.29,-0.3,0.1,0.7,3673,0,120,15.9,0.7,0,0,120
2018-09-05 04:00:00,15.7,12.9,83.8,1013.4,12.2,0,1.29,-0.2,0.1,0.4,3692,0,90,15.7,2.5,0,0,88.5
2018-09-05 05:00:00,16.4,12.8,79.3,1014,12.4,0,1.29,-0.6,-0.2,0.3,3678,0,0,16.4,0,0,0,2
2018-09-05 06:00:00,20.1,15.2,73.7,1014.1,12.4,0,1.29,-0.6,0,1.3,3636,0,0,20.1,0,0,0,0
2018-09-05 07:00:00,21.1,15.4,70.1,1013.7,12.3,0,1.29,0.8,0.1,0.8,3653,0,0,21.1,0,0,0,0
2018-09-05 08:00:00,22.8,15.3,62.9,1013.9,12.5,10,1.29,1.3,-0.3,1.8,3657,0,0,22.8,0,0,0,9
2018-09-05 09:00:00,24.4,14.9,55.5,1014.2,12.4,100,1.29,1.4,0.2,1.7,3729,0,10,24.4,0,0,0,68.5
2018-09-05 10:00:00,25.4,15.1,52.9,1013.8,12.3,160,1.29,1.8,0.5,2.2,3817,0,100,25.4,1.9,0,0,139
2018-09-05 11:00:00,26.1,14.4,48.3,1013.2,12.3,90,1.29,1.8,0.6,2.2,3911,44,160,26.1,7.3,0,0,183
2018-09-05 12:00:00,26.5,13.6,44.7,1013.4,12.6,50,1.29,1.4,0.8,2.1,3939,0,90,26.5,8.6,0,0,146.5
2018-09-05 13:00:00,26.9,14.2,45.4,1013.5,12.9,110,1.29,1.3,1.2,1.7,3997,0,50,26.9,5.5,0,0,122.5
2018-09-05 14:00:00,26.7,14.6,46.9,1012.9,13.2,160,1.29,1.4,0.9,1.6,4002,0,110,26.7,5.5,0,0,142.5
2018-09-05 15:00:00,26.3,15.3,50.8,1012.5,13.4,300,1.29,1.2,0.6,1.4,4013,0,160,26.3,4.9,0,0,213.5
2018-09-05 16:00:00,25.8,15.8,53.8,1012.7,13.3,340,1.29,0.5,0.5,0.6,4041,0,300,25.8,0.3,0,0,311
2018-09-05 17:00:00,23.6,16.3,63.7,1013.4,13.1,310,1.29,-0.1,0.1,0.3,4037,0,340,23.6,0.2,0,0,404.5
2018-09-05 18:00:00,22.8,15.3,62.6,1013.3,12.9,380,1.29,-1.3,-1.5,4.1,4004,0,310,22.8,0.5,0,0,467
